%% Simplified 3 Degree of Freedom Model %%
% pg.68

d11=0.1;
d22=0.1;
d33=0.1;
m11=0.1;
m22=0.1;
m33=0.1;
omega=90;
tr=0.0001;
tu=0.1;

